decile,count_actual_1s,group_size,capture_rate,cum_count_actual_1s,cum_gain,baseline,lift
1,960,1200,0.8,960,0.2,10,2.0
2,840,1200,0.7,1800,0.375,20,1.875
3,720,1200,0.6,2520,0.525,30,1.75
4,600,1200,0.5,3120,0.65,40,1.625
5,480,1200,0.4,3600,0.75,50,1.5
6,360,1200,0.3,3960,0.825,60,1.375
7,300,1200,0.25,4260,0.888,70,1.269
8,240,1200,0.2,4500,0.938,80,1.172
9,180,1200,0.15,4680,0.975,90,1.083
10,120,1200,0.1,4800,1.0,100,1.0
